10342154081033744211456056973948529932518479455726683676821862465771012994977209453085209315924436820410486698912938461716664470760890766141677369080622207
10647987409737925462725753654961560306721328256830253947620270041040559039166886985200837295506052615955719507444632454890005051217302507162971518239952033
11011752198197300683843332783117876826135645073963716931931960087433443275417812059185870486433768049594871310472886249138212781633339811172759429540592539
8061845673273918192163516993419739878640453067602892296998164386594268695618222446642034026498628790518701645232938876202769066100141414370506682224456353
6965542167642891467208142459951659171427669693828995931069329075128587972283220919107052243621189382969470321779085507551809319388655139059785171126752941
10595063197618862933618656485380375703640687326657571372370663383563369964271641468739076599915137974236694711542503303598602003336087530230216538176145071
9222404558657977639405833343332749156991692996302926980881960626404964615832040083668359069748022894842556370378172943080334941342853585267617168482123257
11825557071049667997792800259729211581018006135082054239041049298444476398021829918377417157432412645967857673198228317749246798013783285006274848325324587
9690862317208053508973303148201871201749466229799874288057288878409465979999989358920006797664161164523838717962742264549524638261854752338580497993105801
9244134753923450356590276327668315592123579749391816631519921776402006030305952247691290508362358223736798778919810155305717257563556702950560001517772193
7955511595243544419582881205759484830042665905647678130289309025788774722465824372389245457001933424019504018844125678122220297299147523806076617898627047
10560898419132984073362258063560143249639270734222874897992301551780590277919492408776891773339438218929959321556657242671063715932685865727682297331728009
9423184382230454782873388487783447696411963546661755903565748043184660717405666839943789430694799291628867841955725027393547603639996873575864829597665629
12925416607355399815807316353347327168907047979003993813962314260651954128634941450683506885969006158518065195333871791296862908984328013957531418267665041
12558489350272429849644096117887776361331008172466739878636480226021123802241003854749484063699176058577231438550451191559110388387870938458888153668163903
12289434652988666997836400559245410248787630623812518906831240293880271052757285797054209948758462031290675329885456629626323868916688911521279475916025287
12148349061693490747774281631387487254298907763910273455538929984444798040413948439409082152268608257990459072960712942173858793187986301679200988994595957
11744719389948608443757766525516003211826611703427030281102393335395848581466683897922564884417482363351263583639135735243859943393114540459185193421829457
8202663431319421406915856603935284961143797405224402759275842860736511374009495293766102684529366611582036710159615028084105891587161935129784270607137973
12418810667231980373820927691348225618699903643592827458259310285759909785217658424460016853075659113658690158201825710025374654053232528135476815600159547
12751581880086899195114279804282050361758612643024328084639060070825158108048423422528606143033624968469240308684690922665495897320022328071011249640684703
12943867639736235209053431702461508337924258420049650928231098602076080202255573728360455697440655219756388824607118682234005455417533144225112147918290709
11836377856813542735243876971418198982923913124146820237078878825639560213448319099412271805117569332694822487156360274875539458332132496943676536842617207
12295063006375329323503073860558967160839298029630795006972466743963430828169372599106877683769163665860902187152521491755648625357851714857557355532723593
8427419838352237130076814398574187085271670214199034032024424597793050248522898339351606411015289713631048679254442391871542967847449697692349945399408193
8435627683550890705818805098590369326310752334108317571543615925398566725436728702363420492897512357978112213250844194381504258156558089960307632124391287
10007902059835457252486464536648486133283110930638733672199757482727792398414936752026138237830079843618361885667391379206173609552746031578428342785613829
7311501833219919275378164543976672172086745277877482919403969024095048413882947397019225933558142367916420435632644469490440692677176778635985364480977147
7255502080239771224887754931339665806521472072029181857569328767757912431475291532028707413679652832771098845716135089077415918147819767102166141908565737
10894137367085401641643159343582883173951635482400469534204309079163171626208978212297359053825908902689026453438166300382845956640848510294482881735224577
12304639850266118892951430606532422817696023753548626192838379197773256048762503137011414824314134089436750160161394046660021264780320413003333059742586597
9878257172250363923287734923009352949319893382050793746949282346547141336185333108781577654715155462957669067263936748468552845056220986417982602104703771
9102304456172090352703329253022507883790313648510398798251173462470614445589314876591316957447046825568806444325137862644983705747091334003565569075492037
6794336436709394782975065608384490214294372459781751611638381245273378112453941538580785788645255985043294095034744142182219577328669204594383716644959269
6950474403801477816789699051650188367105123179130818721043792380127863611902216239337659157904461613355314443219572867389357773438137359687100756852972333
7859477816481967964735318878684890802907878051666150194463155931793978146410962222813701120106823288114835553498220428081984870242662517875738795538588327
7013291566802019028248727560072706381181667501885912918292756072202930705078623880065481860877216860253497103311398041930501604696079718240256454962447547
13335430021943374180372199556791067323085408350002079518563252760148845957554059104124548650011847786113222935304825291677767995647260650741334024619090261
9239245038479728731780288257823286215599100168764811995034510166040723743999475582519173787810797687354441500968704292166096301062404369133217682588781857
13035733716852518036394930613588474537210582384781648333003585470823978658579394327551365266527768688823781705001921826358156130086818839059771659968459021
9567160508685713741642343699567033288515246842567069922993613787053802064534548846509537041567991123861527746862093689172733105089164760108782273348079227
8222173793291723975747423805667527515103062159595840617673517051374516985745453079723313227054182961876852401280528001696398984985771497623581906600699133
9074189714217169080559383001911563303249467913063520911955943667333369031405411296455093713957224260589536256619596002364904365174858465932349507542779733
11806517041199371547868886901886591074990198763729485832739136451705669935703614154350498952439323348202680283953406768949759045664296082025202104001011973
9121019590911803330051594974520277437390823470668445296040540163541615433555906523869102774895127530819306797579001324162963983072237183546107662161124763
7472972997928996091540688297771094186145730079042076916984910031510199209673374757348175256622524243993075590835854336675016933822695601509645659151371053
7820404073577545782458143182050358243653102026125806781031791931177135269498643400069986068204020146125057769003884121044851663094174725393054964585052821
11811041669100532011449358779738586398254951399848492407790202518099048814734593474364554548380213164288161654172400446665748006784243333136823387096204779
10749686788169083120724488476592601941937198608321591791231026078211674600629500625846472570529787828382682564526479070322193516994130853111953658780172057
9780043862030478355943068788037984521230292875548863235817244729187410602750047013603802215190807506072249351622146770253683102573144142375216571384926113
9187313491398717893243222359648078405264347965996153342652639291965571497195660285095008108529396096701645718305186912435152158273566300345400515123822829
12699002517642519674615306377873613923072554494364007528368064975436104088530075364268625020143550176394645908171057435872234314996490796860806803252402929
9109690452014245299533008537918614992098574694459484324074123750510908953477647346351604378643958584508161104716726732118506885747164977554386922655100821
8210829332724979359948450592292471583849059783551143412541366463477886576524523363716989405386092741807030143743698250406601884070843944340343906427012441
7738305100640612462670497383578595650143420985780556546797105688461128577347918200674751451677436787157264537148378853973329606275193397483299253239592561
9912576321901158863953490197066095614463836378212749412548358871256237682025587645181143312279330830852142282683777231764372046871636766222052244057539191
11914927651185055350888486725164675619037327130564981394623082670175224559344373144404765577763556978709388488766221426459671666979758331712162692131322561
8097133067987255089735654888002002907381402241726915644018949549773828281078551653644605697453058510071999775785394046922388833659623527210884532685731147
10477624381654313852867505522896798185655678260313205582501568383886985499720420806555954043167656337032632753025788183267990385732033879894570629673207237
8863030217396577453839745094937207780654388417994469260392794439726253039565510701498870245930534241276789963597576271618786419831765607846369545291930087
10168578587529031177504571318356645231936532749383936263017255946182533488200874336321589778773260506870833237969045810345258833358077260977577831078207831
9094420842010215207286117669197410114118577387722391733338661205296160038009120421925164211728246599263723445097230185966315000676875975011148599272283377
8729283965327746549632914049605472358590513819602062738938822059077650391271413201320704670786517864610321628932415320186520981877817304089506799083211723
6868472840871807027384312923399593256646861243539579716236667092358032635913735911789897555390962126095881464089819780186652032122336576962245878377927399
9280657238954645471145070575338354590028738961515602064876095513699275763987624422263730465197707867961970825270023125739623729148851800881072609196978499
10567597222645474456823945421253916943423119233109912710322739620213515303303866858319502762991133110584513000231012062434020661627452918719395626936854823
13016010738528954995780036836786135047738994580549918776384552764491325929495479282567950346522412208827051889238463295032363992538060957672042358643268993
9472009380693630956092765624954890459278570039492605180748221126741084947174468891139537309892496251686683323650664890514652750372381233488989586733489471
7739915018381675857121389607591135580130085775821909721944401233515901123373399433366588758918173574971846353891294136868336751685013211394215612970594391
11414235218998887742247317754806820287615068683972785429782394422716039239719295837789339892709003799960817079366815364341992228705575253349129202944082217
9015047970532880284511199218039499865698624052903396888093509420817792773580629262590779946796861813528151471887235470312446660814664755007763986634802823
9119498004079800887116466064180637431691277303708831931582937297422281591255308655799088969864656427559826916049380556700763567626657785534965060258680647
9166240837159793887420104090736962851242020943418990037738311368452009759012226437897298117339139528406661360602554579058474686271110582260630964340573499
6979012103472071751547875332979088046890289258547126571463772859807020696626774391814238168441204830809822489457689720749926524708046743533352687583970363
12597619867690481389440673282088819576025388029710282593391980138082328659150410961834834913841003376238554948143855290040753989977065099009594729713026773
9908400204107792258434864585382858253698345958178332043822392915781599948064441767879890569631878703751653664327101497835732656050470429987533729273796047
8724869863408212161815067044306589158158499187289602057639172818575785701578974283769917989543385604616007148636718893456269520070659436188434940464742729
9093763112925989075300786173260727192950566443789381856511515392868440140823374918555020561214926504437815532034295922541221672786885139396137970088661501
9282942655360057252303552035994873466510258576197499185723465940240689450734074418366796488952845349777190650703920022409353689363952383632482057229338359
9393393534764283341049319248178986236108547343343376133786443186082269722183553666483729167118858531040426685433988013841278412931791014945171072829990617
6920029129272506272430210976834279357898460487175586347424186767357401994088872518113347682472592155088398507085622845841786830480421824786027516431083393
9645215214572704472954384115690107863048467689534971487418187511979245123284842923496509912664280424699502596051769316839756842937292910927773812254918881
11991422589401181644256176768160571332919949203366689959911643799723435721181305840152665781623686724075210083183585050599587002808738336302963010432961233
7678978994193251566536967635295397390240196368421694019777838146633609883440392257230401869525967270331880251873982962432297255188916074195978734273867421
10208153447132627969725141681175632551433013308488686202629456998474818662384306998975591064562657780373850487394770059908925029019411378998999622682117311
11494680422696169144562258697156053159915178913181376878641601289252766896010537188897677504215821363009687498859531327222190084986226386685285803969798083
10758941116058363516921891386398029567120314014464481269295649743184062652462441491201003895159494251807113434827821264914149191695505809725929109351222717
9960908455949941661483507602997869333318551236163174608515465963615563780760797573135690152060588691362633360536265677326494895988999190734719787349566769
8275036022778912984955254110392822756753948063403197280354980879521007912516294430950426920547577515918647715658568545250204759860127932475141590326354037
12789883028039825712862405486295328056181781521745434579749433996282640432347787757928213582407158629423477790961952075732665144930670981791715805827776219
6810576888456805224306745139648353859251825441099421616646258541180536619337361766220534043845790710434325999091233578811156234726400717995975969901039837
10902954978466660614012621814198261530307112315459723895771304453386321857270973403106783458040488433530874487354483721270734029819659356834783926031027997
10480945585959300093719716431381180548854335066933442884554211578855386890893752702090019790340319652024680868969806067214286278992611357594932280950795909
8702260601703863139536272417738235307980708613888873848575730310821872594434720043986387361137890822226266097126130751258354756163141894479437214914042591
10597887293106694029467351258762531205433257553079131975894026512529689923693510955990524453753002898308487600523451933851406779917382505532163792292838901
